{
 "cells": [
  {
   "cell_type": "code",
   "execution_count": 7,
   "metadata": {},
   "outputs": [],
   "source": [
    "from numpy import array\n",
    "from scipy.linalg import svd"
   ]
  },
  {
   "cell_type": "code",
   "execution_count": 8,
   "metadata": {},
   "outputs": [],
   "source": [
    "A = [[1,1,1,0,0],[3,3,3,0,0],[4,4,4,0,0],[5,5,5,0,0],[0,2,0,4,4],[0,0,0,5,5],[0,1,0,2,2]]\n",
    "\n",
    "P, L, U = svd(A)"
   ]
  },
  {
   "cell_type": "code",
   "execution_count": 9,
   "metadata": {},
   "outputs": [
    {
     "data": {
      "text/plain": [
       "array([[-1.37599126e-01,  2.36114514e-02, -1.08084718e-02,\n",
       "        -5.60112034e-01,  3.75734575e-01,  7.00140042e-01,\n",
       "         1.87867287e-01],\n",
       "       [-4.12797378e-01,  7.08343543e-02, -3.24254153e-02,\n",
       "        -2.06393278e-01, -7.55974371e-01,  2.57991597e-01,\n",
       "        -3.77987186e-01],\n",
       "       [-5.50396503e-01,  9.44458057e-02, -4.32338870e-02,\n",
       "         7.24808963e-01,  1.84603760e-01,  3.43988797e-01,\n",
       "         9.23018799e-02],\n",
       "       [-6.87995629e-01,  1.18057257e-01, -5.40423588e-02,\n",
       "        -3.43988797e-01,  2.30754700e-01, -5.70014004e-01,\n",
       "         1.15377350e-01],\n",
       "       [-1.52775087e-01, -5.91100963e-01,  6.53650843e-01,\n",
       "        -2.58497890e-16,  2.00000000e-01,  0.00000000e+00,\n",
       "        -4.00000000e-01],\n",
       "       [-7.22165140e-02, -7.31311857e-01, -6.78209218e-01,\n",
       "         0.00000000e+00,  0.00000000e+00,  0.00000000e+00,\n",
       "         0.00000000e+00],\n",
       "       [-7.63875433e-02, -2.95550482e-01,  3.26825421e-01,\n",
       "        -1.29248945e-16, -4.00000000e-01,  0.00000000e+00,\n",
       "         8.00000000e-01]])"
      ]
     },
     "execution_count": 9,
     "metadata": {},
     "output_type": "execute_result"
    }
   ],
   "source": [
    "P"
   ]
  },
  {
   "cell_type": "code",
   "execution_count": 10,
   "metadata": {},
   "outputs": [
    {
     "data": {
      "text/plain": [
       "array([1.24810147e+01, 9.50861406e+00, 1.34555971e+00, 3.04642685e-16,\n",
       "       0.00000000e+00])"
      ]
     },
     "execution_count": 10,
     "metadata": {},
     "output_type": "execute_result"
    }
   ],
   "source": [
    "L"
   ]
  },
  {
   "cell_type": "code",
   "execution_count": 11,
   "metadata": {},
   "outputs": [
    {
     "data": {
      "text/plain": [
       "array([[-5.62258405e-01, -5.92859901e-01, -5.62258405e-01,\n",
       "        -9.01335372e-02, -9.01335372e-02],\n",
       "       [ 1.26641382e-01, -2.87705846e-02,  1.26641382e-01,\n",
       "        -6.95376220e-01, -6.95376220e-01],\n",
       "       [-4.09667482e-01,  8.04791520e-01, -4.09667482e-01,\n",
       "        -9.12571001e-02, -9.12571001e-02],\n",
       "       [ 7.07106781e-01, -1.11022302e-16, -7.07106781e-01,\n",
       "        -5.55111512e-17,  0.00000000e+00],\n",
       "       [ 0.00000000e+00, -4.87723954e-17,  4.87723954e-17,\n",
       "        -7.07106781e-01,  7.07106781e-01]])"
      ]
     },
     "execution_count": 11,
     "metadata": {},
     "output_type": "execute_result"
    }
   ],
   "source": [
    "U"
   ]
  },
  {
   "cell_type": "code",
   "execution_count": null,
   "metadata": {},
   "outputs": [],
   "source": []
  }
 ],
 "metadata": {
  "kernelspec": {
   "display_name": "Python 3",
   "language": "python",
   "name": "python3"
  },
  "language_info": {
   "codemirror_mode": {
    "name": "ipython",
    "version": 3
   },
   "file_extension": ".py",
   "mimetype": "text/x-python",
   "name": "python",
   "nbconvert_exporter": "python",
   "pygments_lexer": "ipython3",
   "version": "3.7.0"
  }
 },
 "nbformat": 4,
 "nbformat_minor": 2
}
